400     1.2464
405     1.2332
410     1.2186
415     1.2044
420     1.1955
425     1.1902
430     1.1892
435     1.1826
440     1.1795
445     1.1825
450     1.1894
455     1.1999
460     1.2142
465     1.2370
470     1.2631
475     1.2947
480     1.3430
485     1.3910
490     1.4466
495     1.5387
500     1.6357
505     1.7518
510     1.8580
515     1.9367
520     1.9794
525     1.9846
530     1.9499
535     1.8693
540     1.7687
545     1.6245
550     1.4850
555     1.3369
560     1.1945
565     1.0723
570     0.9679
575     0.8703
580     0.7733
585     0.6813
590     0.6100
595     0.5365
600     0.4792
605     0.4308
610     0.3945
615     0.3609
620     0.3292
625     0.3025
630     0.2797
635     0.2606
640     0.2443
645     0.2270
650     0.2139
655     0.2024
660     0.1933
665     0.1842
670     0.1755
675     0.1672
680     0.1603
685     0.1541
690     0.1477
695     0.1422
700     0.1379
705     0.1338
710     0.1296
715     0.1260
720     0.1228
725     0.1198
730     0.1172
735     0.1148
740     0.1124
745     0.1103
750     0.1083