400	1.2464	0.1679
405	1.2332	0.1657
410	1.2186	0.1631
415	1.2044	0.1608
420	1.1955	0.1591
425	1.1902	0.158
430	1.1892	0.1569
435	1.1826	0.1559
440	1.1795	0.1553
445	1.1825	0.1548
450	1.1894	0.1546
455	1.1999	0.1545
460	1.2142	0.1549
465	1.237	0.1555
470	1.2631	0.1567
475	1.2947	0.1584
480	1.343	0.1608
485	1.391	0.1641
490	1.4466	0.1678
495	1.5387	0.1745
500	1.6357	0.1829
505	1.7518	0.1936
510	1.858	0.2064
515	1.9367	0.2195
520	1.9794	0.2316
525	1.9846	0.2441
530	1.9499	0.2549
535	1.8693	0.2629
540	1.7687	0.2692
545	1.6245	0.2717
550	1.485	0.2703
555	1.3369	0.2652
560	1.1945	0.2565
565	1.0723	0.2475
570	0.9679	0.2363
575	0.8703	0.2249
580	0.7733	0.2112
585	0.6813	0.1969
590	0.61	0.1837
595	0.5365	0.1698
600	0.4792	0.158
605	0.4308	0.1471
610	0.3945	0.1384
615	0.3609	0.1303
620	0.3292	0.1224
625	0.3025	0.1156
630	0.2797	0.1093
635	0.2606	0.1042
640	0.2443	0.0994
645	0.227	0.0948
650	0.2139	0.091
655	0.2024	0.0877
660	0.1933	0.085
665	0.1842	0.0825
670	0.1755	0.0797
675	0.1672	0.0773
680	0.1603	0.0752
685	0.1541	0.0735
690	0.1477	0.0713
695	0.1422	0.0695
700	0.1379	0.0681
705	0.1338	0.067
710	0.1296	0.0658
715	0.126	0.0651
720	0.1228	0.064
725	0.1198	0.0631
730	0.1172	0.0625
735	0.1148	0.0618
740	0.1124	0.0611
745	0.1103	0.0602
750	0.1083	0.0594
